-32
100
-51
69
-64
-26
-2
51
-10
6
88
104
-76
125
80
-60
-32
-44
9
22
100
86
-81
68
120
-50
105
-117
-30
-112
29
-91
96
-8
60
111
-122
-60
0
16
123
44
-45
-128
77
14
-6
-69
110
-64
45
81
-95
-21
-93
85
-62
12
-52
65
93
-120
61
-65
83
-23
111
51
120
92
19
-1
-66
-67
106
-38
83
-30
-83
-14
53
-45
49
-113
32
-107
41
-118
105
95
37
-111
58
63
-123
-40
73
35
118
59
-11
90
93
-16
-95
-65
-96
51
-68
63
-38
-36
57
-13
80
1
-30
-43
-89
-43
-111
95
94
121
-25
18
-26
107
-34
5
-121
-92
-6
-31
48
-9
-23
18
-63
-25
41
-117
-121
-119
24
104
123
-45
125
104
-24
-26
94
-5
78
-71
-19
107
96
63
-3
73
-119
123
-15
-110
120
-89
41
-112
115
-39
120
86
-95
-125
-21
-97
24
20
-70
-2
-92
-121
-41
60
86
107
61
-94
-111
-52
97
-46
-98
-127
-49
-18
-42
-6
-21
27
73
-101
-48
-48
88
-93
-63
35
-22
39
-72
-92
82
85
65
-128
-65
-111
-79
-125
-49
-44
-79
-60
-8
-77
-4
-1
-118
55
39
56
-85
-13
43
-20
75
82
113
99
28
120
52
117
-75
-37
-19
84
95
-20
81
-97
-16
-42
5
26
-117
-7
99
125
-25
70
-44
96
-103
-21
-83
87
109
26
15
-108
-12
80
53
118
-92
13
-90
-22
-92
-126
121
60
-23
-59
82
21
-119
73
112
66
41
-21
81
27
-90
-81
-120
-127
-71
57
-122
-25
-122
-74
-97
111
127
113
6
80
71
-23
13
-103
79
-67
27
-64
12
-106
-63
104
39
-53
112
58
61
23
110
-114
17
-2
125
-56
55
-111
47
-78
-64
92
-108
-122
35
64
-117
27
76
103
32
3
113
73
95
60
-28
18
15
-68
-38
52
-9
66
-73
-107
94
116
126
2
-17
-104
-72
18
-127
58
-48
126
0
-26
116
40
-96
-102
-42
-27
-59
75
71
-46
-83
37
9
-68
-63
-96
33
55
-106
-72
-6
75
99
-29
43
33
-32
57
95
84
51
44
-97
35
8
-102
-20
25
-87
108
81
-128
111
-110
124
-42
103
111
37
53
66
7
112
43
-67
80
-41
-108
-110
-14
-34
125
-124
-42
81
101
-68
50
4
-12
116
86
-30
-38
-27
-50
-114
1
-108
58
15
-68
-109
-18
-7
69
7
108
-116
109
107
94
0
47
118
56
24
-9
-19
65
-99
74
-23
85
-12
60
-15
74
89
2
69
101
-97
-96
-82
52
49
-90
-119
101
-66
-94
37
-76
-127
57
-25
110
117
84
36
112
-49
-87
58
64
0
14
-46
1
45
89
-79
-8
28
-35
66
-40
23
-98
-34
-32
-30
-7
-113
-28
-36
49
-114
-23
46
-62
101
-115
93
54
37
-7
-83
111
78
49
-49
116
-27
-63
24
28
-6
15
-119
85
-33
-102
-90
77
-79
45
-50
-20
-75
52
93
-108
-93
29
67
-49
-24
-105
-38
-10
0
106
45
11
-83
36
-34
-28
-104
80
-104
-20
-39
-69
-77
8
104
5
-123
125
86
-102
87
-83
-111
-118
-122
-94
-43
-23
-62
37
78
79
96
32
-58
18
124
-106
-11
73
-27
-28
92
-13
112
27
20
109
-29
-36
11
65
-45
54
-63
13
75
84
73
-34
91
112
-106
61
-89
-84
-117
10
72
-88
-8
-82
69
76
-1
-31
92
125
31
-64
-72
-17
-46
118
75
-105
105
89
-127
-78
-33
-68
-116
111
-41
4
-50
-52
-123
-104
-47
-78
-64
27
-76
118
-80
14
7
112
69
-115
-103
77
12
108
34
-74
83
-23
80
-120
-77
110
-127
-109
-88
82
34
63
40
-46
127
-26
90
10
-17
42
92
47
64
3
-94
69
-98
83
-50
81
73
-50
6
48
-66
53
113
-2
31
-55
-47
-61
-79
9
-62
51
-20
-108
-125
6
63
43
86
-16
87
110
101
-13
24
92
83
0
110
-77
-40
105
5
-123
89
-32
5
122
-128
30
-116
-82
92
-18
-118
-42
-34
51
-120
-111
51
24
-12
42
-5
81
56
6
73
-22
24
-46
-77
106
0
-43
31
-70
-108
118
-102
-4
96
103
68
-116
113
64
92
-43
43
-97
-111
-63
107
-46
51
-102
1
-1
63
-63
73
101
-82
76
-107
-121
78
6
30
43
84
-69
-68
124
28
-65
-79
-59
79
-35
-126
3
64
15
94
53
83
12
-103
-16
-4
-64
127
68
88
88
-113
-16
97
-40
79
-122
-87
16
-120
36
-43
-90
-99
-94
57
-4
-112
28
1
53
86
90
67
-63
-116
-113
-70
-51
2
-57
-71
47
40
125
71
57
110
18
38
-111
85
100
112
110
-45
100
108
12
59
-35
111
54
-65
36
-88
9
-100
-36
103
57
-100
-71
-91
124
-32
-13
81
62
-127
85
91
-65
87
-124
-108
-111
119
-32
-5
64
20
55
-29
-94
96
39
-113
9
-72
-24
-85
-56
93
-49
77
81
-61
-64
-1
-86
3
71
69
-44
89
76
-30
107
-4
92
10
-100
-25
36
-13
-95
51
10
100
-2
-102
38
62
-98
-122
-90
3
95
124
86
-93
54
100
121
