0
43
35
-28
-46
56
-57
49
-31
20
-44
29
-26
-47
-1
38
-20
19
-47
-55
29
-48
-60
19
41
17
14
-41
7
12
-16
-61
0
-31
59
-34
-13
4
-1
13
-40
-37
53
35
-54
-46
7
-56
56
52
-55
-48
-42
-35
-55
-44
-57
12
-28
-7
-11
-29
-21
58
46
-27
9
0
-35
-9
41
41
42
-11
-20
-53
36
-54
34
-12
-39
25
60
49
-7
28
55
58
-37
-9
-41
-51
-25
18
-27
28
-29
-46
38
-26
-12
-43
16
-36
24
-43
30
-58
-1
12
17
-35
-55
-34
13
-6
-33
-29
-21
48
14
-11
60
-23
-41
33
18
28
-28
-7
-58
-51
-11
16
-44
47
62
52
42
2
42
56
-41
-49
5
59
-37
50
-34
60
-44
9
-16
-50
-48
23
42
45
5
-10
47
20
32
13
-19
44
-15
18
-30
-4
-48
-20
-10
12
48
-26
-9
29
-22
56
42
-1
18
-11
-16
34
28
24
-9
-15
33
-11
0
51
28
-35
3
-51
30
60
17
-3
-41
7
-20
29
-46
6
-3
-15
6
-4
50
58
20
37
-42
8
40
1
12
-9
29
5
37
-50
26
-12
18
54
-40
26
58
-38
-29
-41
-21
54
-61
-15
-43
-61
56
1
-23
-5
57
-19
-38
11
-23
7
60
-57
62
-1
-3
30
58
-24
10
-15
-51
22
47
-36
23
43
-19
58
29
49
-35
-13
40
-18
-55
-10
29
22
40
-30
-21
58
-17
16
42
-31
35
-33
43
2
54
-55
43
-45
0
-49
-22
59
-40
-21
-14
26
51
26
28
-23
45
51
8
-23
3
-21
-47
-38
39
32
-35
2
-12
21
-16
-35
8
14
45
39
1
51
55
28
-57
-42
30
17
21
-4
40
-63
-62
32
61
-62
-10
-36
-13
59
30
-9
-50
-2
-43
55
17
-37
-20
-42
54
-26
-29
38
-5
-2
35
23
-54
32
-19
-42
37
-18
50
-38
55
-19
0
48
33
29
23
42
-46
19
35
-28
-17
-19
-37
-4
49
2
-23
-11
-61
17
47
-60
-30
-9
-15
-30
19
-46
-9
-20
-10
-44
39
17
-41
-50
17
33
-7
37
-39
57
25
-35
-10
-62
-26
-21
-35
30
0
33
36
61
11
44
42
-4
-22
8
32
61
-32
38
-51
-19
21
59
-20
-5
-55
-13
45
7
-35
-37
12
50
19
-46
4
62
-61
59
-11
12
3
28
22
-42
-60
-49
38
39
-12
42
11
-17
60
-42
-43
-12
-11
34
-21
50
-4
-37
8
-62
-44
19
-57
-23
50
13
-6
-50
31
-46
-56
40
-32
56
-48
32
-49
56
58
44
46
-24
-42
41
61
-18
-22
-32
-29
-9
-16
-42
-63
6
-59
-63
43
-22
-10
57
55
-54
-24
39
4
12
-5
-20
-51
-5
-12
-7
-3
-34
5
-29
47
46
-63
38
36
2
17
-13
-31
50
1
-21
-8
-18
-40
-37
33
57
52
40
28
36
29
19
-39
-10
-45
-34
52
-55
-48
-8
32
-58
11
-63
-50
58
-41
-39
-44
-55
-41
-54
44
-46
4
-30
4
-38
5
33
-51
46
36
30
31
-48
48
-29
-31
54
-37
-45
-54
47
-53
-54
23
-37
-19
-29
50
-38
-29
-34
-4
16
-29
4
-52
-45
17
-8
-36
47
-4
-44
-23
-48
-31
-16
-59
-8
-21
-21
48
-15
54
54
51
-61
-54
-21
-3
29
-41
-54
-6
-56
-42
39
-50
-35
-12
-60
-26
-53
-2
31
2
17
-38
-30
19
-13
41
-19
14
-4
-39
1
9
36
1
-28
-48
-57
-56
8
45
6
-9
-59
18
0
-27
-62
47
-58
29
58
-3
-1
33
2
-46
-41
-48
-37
-57
58
33
58
44
32
44
20
-31
-61
-29
-19
6
50
-56
-50
-54
28
34
45
-18
-30
-6
-62
32
10
9
-38
19
55
-25
-52
-25
-52
59
49
-50
-52
-19
-20
35
59
18
4
-60
-42
-8
2
-38
1
38
-25
-13
-22
5
10
38
5
38
32
21
-51
21
-28
-12
0
59
-48
-19
-61
-54
17
49
-18
53
48
-49
-39
-40
51
62
-52
-44
-53
-58
29
33
22
-14
-6
-6
-61
-33
39
38
17
-24
44
57
54
-55
3
16
-37
-47
-45
-24
29
21
-29
-53
54
25
3
47
43
-61
25
14
-31
25
58
18
-2
-48
2
27
-21
-8
38
-5
10
-19
-51
32
35
-19
-20
-18
-51
54
-33
-2
-27
10
-20
-24
-37
-50
-51
-30
-62
-10
-25
-49
53
-3
-38
-27
-17
41
-21
49
-50
3
-47
-58
-26
-17
-28
-23
-2
-54
19
-35
-25
51
-61
55
-60
-3
-20
-2
-52
-11
-22
12
-5
-23
2
30
29
33
-45
2
42
2
-20
-60
53
41
-3
9
-2
-31
-4
-50
60
19
14
-25
22
12
43
-38
-25
-23
42
52
-28
16
-45
-31
-6
-23
61
-54
-3
1
1
-45
-53
-40
44
-38
58
-33
54
-24
35
-31
35
56
-53
-2
-36
-33
-3
-63
-14
12
59
-60
58
28
-59
-11
-29
-52
-4
30
-7
57
-55
32
32
-27
-25
-19
37
57
41
47
10
41
12
35
23
-47
57
-50
-19
14
-29
-9
30
39
27
25
10
-22
-16
-39
37
53
-14
-22
38
