41
12
226
147
54
218
201
180
198
87
133
240
51
103
0
78
22
253
233
210
231
213
238
53
109
70
138
185
234
248
47
116
229
127
82
177
0
27
252
211
188
126
67
251
119
31
9
11
100
1
223
224
83
250
66
225
53
5
218
233
187
243
32
51
150
12
47
21
0
80
91
254
68
9
51
175
127
191
220
79
89
137
184
73
112
62
58
69
232
163
72
133
252
107
64
3
143
4
81
0
150
161
236
111
99
175
255
139
102
62
162
87
98
233
121
125
227
212
0
8
159
34
33
189
186
12
63
171
86
186
39
126
64
181
42
43
171
120
122
236
71
182
34
77
83
241
183
93
92
192
237
221
67
225
13
54
55
7
69
226
128
175
132
29
182
37
110
98
198
11
112
255
134
32
114
95
231
30
51
148
193
122
160
103
29
189
208
199
111
233
166
148
123
78
159
37
171
86
249
216
95
179
108
149
132
87
206
230
77
142
70
133
169
69
149
213
58
39
192
231
71
148
216
193
23
115
44
46
232
94
70
33
35
7
196
174
57
34
170
146
67
150
165
236
63
134
195
180
128
203
237
255
134
96
234
78
100
182
38
35
137
67
187
184
29
187
127
235
3
9
203
108
109
208
55
167
251
209
40
179
27
139
154
224
98
131
191
16
32
66
238
98
12
163
211
2
79
53
136
74
161
3
162
153
165
208
188
21
173
49
75
180
89
1
187
211
229
233
120
41
235
23
68
177
99
113
45
130
85
40
224
166
37
60
143
141
246
4
122
21
95
13
152
84
218
116
251
24
135
224
38
64
37
188
194
5
199
104
0
246
80
224
32
246
186
227
213
11
208
212
41
203
157
134
62
22
215
59
60
247
132
166
173
193
11
120
60
151
200
136
95
10
251
178
247
227
83
102
103
72
243
203
66
54
187
79
65
224
109
55
170
190
143
36
128
90
188
126
19
123
120
203
112
85
141
212
169
188
252
86
131
223
93
75
229
5
131
178
62
86
115
75
213
201
25
9
26
127
97
14
162
197
55
36
65
242
166
95
224
12
173
79
14
192
225
65
200
255
180
222
176
171
162
18
240
202
190
142
35
253
103
255
21
249
220
199
150
157
138
149
214
131
32
193
151
157
141
120
37
117
